9.338622182255409410e-01 -7.429084640009972484e-02 3.667226752452498739e-02 2.578506911423498332e-02 2.483353895038202877e-02 1.524387404924481756e-02 3.711056114389130189e-02 5.426056555890459987e-02 -1.734304044198276690e-02 -1.786335490436397333e-01 7.110412258103909755e-02 1.246138213197808542e-01 1.188886932626150375e-02 1.688120952700516292e-02 5.875177140566080480e-02 8.491913885414147621e-04 -6.843397258959499352e-02 -4.659842888953701773e-02 4.930932594989285295e-02 3.911448967519150222e-02 1.183988392745450313e-01 3.516758587393694485e-02 -1.449963951189787645e-02 -1.095492132541639116e-03 -3.262511209383291144e-02 4.823437438829866752e-02 5.073134709316489549e-02 5.347571055219331460e-02 1.649689972813713976e-02 2.643454987962626235e-02 -9.709312924634902475e-02 1.602851951319711754e-01 -1.435705301737772756e-02 2.097307868229020267e-01 2.596723031811684276e-02 -4.570924345201735628e-01 2.937380006308917824e-02 2.758636452782920467e-01 -2.002178103498481604e-02 -7.477611730401443647e-03 1.537046516358764152e-02 5.112577528639257463e-02 4.222067399906664908e-02 -7.179280571947310730e-02 -2.469239610330400611e-05 -5.368241262195824065e-02 1.920808523852965757e-02 1.019372875819780228e-02 -2.269469780679257004e-04 -3.858816337464271440e-02 -2.527247487326145930e-02 2.938594269701868406e-02 5.758769162961821508e-02 2.219155539295677992e-01 3.336827859367341026e-02 -5.150629190374480387e-02 -3.760315897256070183e-01 7.689068584312468146e-02 -9.230096392166951824e-03 -1.778904581469010300e-03 -1.457468571837776915e-02 -1.532247310817773248e-03 -3.145733814107839338e-02 1.707390728294985727e-02 -2.725670945638599893e-03 1.537657493507128825e-02 1.486088987950823052e-02 7.834167213574735542e-03 3.229989138402060422e-02 3.926470523151611054e-03 -2.262498644561621898e-03 -1.477848242898059834e-02 6.908331904839882034e-03 -4.150412526593157993e-03 6.741606536447937101e-04 1.219453999241437367e-02 -1.876588618857373547e-02 -8.041554603984075230e-05 -3.915612195952061053e-29 -4.700337776697140375e-03 -1.074313024346842255e-02 1.595499226737361748e-02 -6.359530260555438727e-03 -1.920029809522029885e-03 -4.042890298400764540e-03 2.463240424386526489e-02 -8.577852426554373813e-03 -3.871366214066290952e-03 -5.883469888525346726e-03 -3.994267235075291134e-02 -8.135209048010197397e-03 2.364324383200727773e-03 -6.545965540984818518e-03 -9.706259655394597168e-04 1.753653418568687505e-02 6.326676713329470840e-03 1.150755025291373516e-02 2.190565487256352674e-03 -2.382203002877001210e-04 -2.038238881307721101e-02 -3.845970153667073628e-03 5.029402824077627843e-03 9.133150510204003647e-03 -1.211550485085498112e-02 -1.863946989917525995e-03 8.844012982673052142e-04
-7.429084640009972484e-02 9.960681499021178942e-01 2.813065656451768995e-02 -7.986223187569403562e-04 -6.648845704523817339e-03 -1.858759055628932122e-02 -7.336442675233817955e-03 -7.023490624234757923e-04 5.629291101070852885e-03 4.424663434172209503e-02 -2.749770847721470443e-02 -4.202114136296988822e-02 -7.776657988563687694e-03 -5.047705592518485218e-03 -4.501243709553565467e-03 1.169498668094680338e-02 8.714794088295235372e-03 7.221463731005454099e-03 3.673745464122948196e-02 4.137933886141945822e-02 -4.999434714938067598e-03 1.602461613254559103e-02 7.403592776637448435e-03 -1.261931705021181530e-02 -8.910964113779250295e-03 -1.174207961658338059e-03 -4.914554779735805234e-03 -1.972113460193080509e-02 1.357843274265582191e-02 -4.110066792928046032e-03 -2.699360194501526471e-03 -1.427482669859963735e-02 -2.230294926066272564e-03 -2.196886277999891487e-02 7.771043736145809289e-03 3.391330571824664741e-02 2.219882510656297214e-02 -2.760890650315971431e-02 5.167227202937160931e-03 4.645897220670619325e-03 1.012201613792166471e-02 -1.726308293950820291e-02 -3.278666160755876885e-02 2.753695956786005039e-02 1.143969238726440588e-02 -5.364758801512708487e-03 7.205816256307740093e-03 -1.485676145902390353e-02 1.969701206434659388e-02 2.354549041244694343e-03 5.599939713414537473e-03 2.366387142261528256e-03 -4.147776644693889139e-03 -1.840758112047306133e-02 3.819931111575736431e-03 2.299626421567955992e-02 1.330854442396244182e-02 4.448897444114266464e-03 -1.312053136740870193e-02 -6.646930431323669342e-02 -4.830251327579537096e-02 1.175807283188814861e-01 7.701592469039101989e-03 -5.809030818041807653e-02 1.919723424637937575e-04 -6.197205994668111666e-03 -5.411130395905754467e-03 1.389143630145645708e-02 2.858368509910727204e-02 2.371533895854447804e-03 3.144094717005171654e-04 3.736023339514868424e-02 -5.165116035171328501e-03 9.155826792220651648e-04 -1.406215699170306008e-03 -1.019117365738456127e-02 3.609253217225867616e-02 6.093078959953080603e-03 8.860063757562444008e-32 1.064349473932837443e-02 8.453495480035945128e-03 -7.888751702160759331e-05 -9.637264046649732241e-03 -3.260290204196574469e-03 -1.470673985708523257e-02 -3.384292715275977019e-03 1.078798833850366963e-02 -1.409286831811569106e-03 8.035438841549733327e-03 1.363336881570011982e-01 3.034318838464684226e-02 8.529968872164235549e-04 2.767546246154678480e-02 -1.609504489452055417e-02 -8.803106440905800580e-04 -1.179248721901238542e-02 6.530826439583176275e-03 -3.818825117604444062e-03 -1.376641192313466863e-02 -1.479972806924531939e-03 1.292748307429427215e-04 4.420934203547948090e-03 -7.732249479518525648e-02 -1.021636670751786130e-02 6.925199167549552295e-03 3.553615054801817150e-03
3.667226752452498739e-02 2.813065656451768995e-02 9.525356487122604854e-01 -1.245032121583539760e-03 1.172537955452035777e-02 1.799964901169048281e-01 -1.114028272528552570e-02 -4.562728759925470390e-02 1.658274576087082281e-03 -1.395691043280897041e-02 5.311264320157023378e-02 9.769892211817900185e-02 -2.529713962474754857e-02 -1.207660563036626377e-03 -4.990516752286786040e-02 2.157585001306069894e-02 3.441922875486860128e-03 1.052238113899877335e-02 1.698742854176140543e-02 2.754463718245442685e-02 3.934786268933031239e-02 2.297048086323959237e-02 -2.628903151884313255e-02 -1.500420873031678773e-02 -1.248842084042430661e-02 1.806580620228259281e-03 4.158967014441308091e-02 -3.006937541048815971e-02 6.762728349458741427e-03 1.455976501363503983e-02 -4.903894586349199364e-02 -2.011241741180924969e-01 -1.616803313038275500e-02 3.338108944414316381e-01 -2.506047313528233372e-02 -1.014093714454566419e-01 -9.671525349575292585e-02 -1.706910038639748162e-01 -2.438101095221056613e-01 1.185756002326453055e-02 2.266747105563230724e-01 -5.989852645726728535e-03 1.106576658406375618e-01 1.114865792529893679e-01 4.468773377014090276e-02 -1.192144280893449454e-01 -7.516737025960823493e-02 -7.148929418197823293e-02 5.891809590894055843e-02 -1.518251553420221257e-02 -2.390788155189527142e-02 1.368856803480412998e-01 -4.971976248226060713e-02 4.941387345969647238e-01 -1.253369476659762782e-01 -2.135366400860466696e-02 -5.420761016114705039e-02 -2.915161517420777337e-01 -3.516570104104298489e-01 -3.523830170797708806e-03 -2.869160323027389065e-03 -9.387592102099678870e-02 -5.417185623288265327e-03 8.231271980785637155e-02 7.298332782152981528e-03 -9.960380975759821048e-04 6.625077017933685836e-03 -3.721605270693745856e-03 -1.333650644349461400e-02 -1.147359437048609508e-02 1.039698039689528281e-03 4.807661914266534407e-03 -6.314174566913435122e-03 -7.749534357632576961e-03 -2.105361827490732918e-02 8.874475378224336991e-03 7.519030015201054289e-03 -4.086764596843196068e-03 -5.482867060518281379e-29 -8.448244034418994283e-03 9.855980695975677993e-04 -5.862184549938519521e-03 2.099885527117726497e-02 7.282596524653474866e-03 2.964534093757256739e-03 1.825628523885386174e-03 -1.686679730773958663e-02 -3.136213381801543614e-03 -8.935966835125746383e-04 4.502247579461024496e-02 3.747157106502779778e-03 -4.495125424455176724e-03 -3.811299855370513766e-03 -7.522900577025256469e-03 -7.474885424082530067e-04 5.148329441704879370e-03 -1.078362017562144691e-02 -1.551342090850547396e-03 -2.764763789463592098e-03 9.158988224922137190e-05 -1.248527392960122918e-02 -8.188689911981288094e-03 -1.566248036956300119e-02 -5.166632808090190461e-04 6.714256489425861861e-03 1.503891292003723887e-02
2.578506911423498332e-02 -7.986223187569403562e-04 -1.245032121583539760e-03 9.214803055044246127e-01 -6.392438533774799647e-02 2.933294635024347521e-02 -1.771712549028999981e-02 -1.149520632287286993e-02 -2.847889698354892185e-04 -2.360885312495027838e-02 6.775956202300105480e-02 2.579385502025759169e-02 -1.373963868806675481e-02 -3.930903962105262127e-04 1.914051283626705781e-04 -2.559204398704564951e-04 -3.527671795412386582e-03 -2.382289585156580850e-03 -1.567701422789575172e-03 -2.053092591534663551e-03 -2.548238300615935335e-03 2.653011592551085172e-04 -1.054080783246915363e-02 -1.376678065306193716e-02 7.208708261312017250e-04 2.565845849317528737e-02 -1.943216326180953468e-02 8.908227918774535084e-03 4.335487193088075758e-03 1.451438052255570876e-01 -2.097260893629652317e-02 1.114811478318979317e-02 -3.947030875395873654e-03 -1.277961066366285758e-02 -4.700136489642581196e-04 3.107698515638778088e-03 4.550976021216127793e-03 2.626669592159383039e-03 -8.248161449108230153e-03 -1.312945250687476677e-03 -1.982379650204316862e-02 1.522111729383494177e-02 -6.798624313135177150e-04 -3.501214433821005050e-03 -1.221012101620318549e-02 -5.396595386649638212e-03 1.173077292634179493e-03 4.434285082990247623e-02 -1.227531922670817288e-02 5.941826080400030262e-03 -1.360839642534760439e-02 -1.461289327614941416e-02 1.735837941830805134e-04 -9.419645824607299905e-03 1.483729406444489821e-02 4.226263477671313379e-04 -3.628616367953294876e-03 3.775311422215874620e-03 -8.364897282564807968e-03 6.074406433363732129e-04 8.574164199663477162e-03 7.677168686808458903e-04 5.985912204598748017e-03 -6.581987602447497351e-03 -3.009172038900709972e-03 2.039175428949955692e-03 -4.685969035063687962e-03 -5.685984705304608601e-04 -6.071713160428344504e-03 8.585621624505448968e-03 2.207111576287679568e-05 1.285801195138472916e-03 -4.082709501027593016e-03 -5.639503775487112597e-03 -3.600088460420819078e-03 -1.145017323346078988e-03 -5.606846961864189391e-04 -2.454171759295817844e-03 -1.822604673663278829e-33 -1.204234441414092334e-03 -4.803746304422542961e-03 3.669555758391783960e-05 8.684239977789075249e-03 2.281632902869727133e-04 -2.489833973511319191e-03 -5.690590394880574998e-03 -1.360821300446027988e-03 6.389109538453322315e-03 -1.511838415605875176e-03 5.705085906775596597e-04 -2.230448148697496808e-04 -3.756185732006278935e-04 -1.492292718371449663e-03 -2.615588579876632243e-03 -9.629159128856220815e-04 -1.495853014858810259e-03 -1.990850581057078926e-03 -1.759529999497710419e-03 7.657043769621759213e-03 3.163560979027804729e-03 -1.857070254650677226e-03 -1.928572570288068647e-03 -4.379860421244417129e-03 1.552933329087337290e-03 -4.125364538783309054e-03 1.535915546194908422e-02
2.483353895038202877e-02 -6.648845704523817339e-03 1.172537955452035777e-02 -6.392438533774799647e-02 9.711817660661390406e-01 1.940011931300310993e-02 2.560034185243673793e-04 4.831894588461933468e-03 -1.864919039782685214e-03 -1.126502898035789887e-02 1.089790965804108246e-02 1.176497832162626267e-02 -4.622890211642238616e-03 -2.574122743137504526e-03 -9.236480190788741180e-04 -3.050586304617749524e-03 -2.336427122856874275e-03 -1.056282439040496721e-02 -5.120280915375299488e-03 -1.598185517019061041e-03 -2.559375453864094329e-03 -1.033702699033302308e-02 -9.822505565896533231e-04 -5.392584374180422503e-03 4.645369992494338338e-03 3.336580556862828173e-02 -7.944146338018863787e-03 1.758070755279926914e-02 2.004678045502089265e-03 2.769012560733077194e-02 -8.988836779502875490e-03 -2.596886487864512750e-03 -6.704278223954938942e-03 1.218896440237888373e-02 -2.761797981535636486e-03 -1.267404812556110344e-02 -2.703850258477345260e-03 1.004144130125095985e-02 -1.071397335288571534e-02 6.407130806979529671e-03 1.035583579277993271e-03 1.350731206425707931e-02 -3.720334680313358219e-03 -9.640310927414632095e-03 -6.705720388711764249e-03 -1.677215783484548722e-02 -6.471534626100469353e-03 1.832844916224008608e-02 -6.157520663202495186e-03 9.879829178345138699e-03 1.400915439066499927e-03 -6.663179044906738027e-04 -1.036707122277594727e-03 1.499199644484130838e-02 1.113726960884709599e-02 -2.631195319236505955e-03 -1.427522955274502375e-02 -1.847755663941755971e-02 -4.406771131960810634e-03 -8.646162206216539275e-03 6.034430608473066553e-03 -8.682298125895117000e-03 -2.276822215354858472e-03 7.271735595098395566e-03 6.651049391892093453e-03 7.964949907371253468e-03 1.283234522793129037e-02 -3.186502428094179808e-03 -1.005273536839465780e-03 -3.569315956621394934e-03 -4.258642533786544462e-03 -4.402544248419404394e-03 -4.590980633870945897e-03 -9.604329644840994828e-03 -4.609010382772092858e-03 1.022406795554867479e-02 -6.821685535056269331e-03 1.438635886282821612e-03 -5.646185967120849845e-29 5.172190562217868735e-03 2.754641575721753638e-04 3.696253071088468484e-03 5.637556843230915812e-03 2.328482707335682422e-03 -2.414997898866817240e-04 -8.585856894453805510e-03 -9.350528596149414867e-03 -4.732917423566617224e-03 -4.380261376795251127e-03 -1.413924950418345150e-02 9.190281999902426727e-06 -2.459709830977880717e-03 2.635265863803123998e-04 -1.789129278058790599e-03 -4.480023128219506705e-03 -5.495591574513205430e-03 -4.270227769539169070e-03 -4.087379569808783850e-03 1.319490295998256013e-02 5.568451492101407670e-03 -3.835610114681753391e-03 1.136982128891555338e-02 4.411354528358438741e-03 4.131000712298915287e-03 -6.171606275951141765e-03 9.110965206230692628e-03
1.524387404924481756e-02 -1.858759055628932122e-02 1.799964901169048281e-01 2.933294635024347521e-02 1.940011931300310993e-02 9.457632907886753815e-01 3.856613431455595264e-04 3.916774424284662562e-03 -1.329871962448057367e-02 -3.111852308830447347e-03 9.618108180668483165e-02 8.726537698729482095e-02 -2.537179488175948447e-02 -9.057407298741371876e-03 -1.521358516188336396e-01 -3.011406965627634949e-02 -8.230653671278018169e-02 -3.412466341653416779e-02 -5.811715828534696864e-03 -4.841790310835404187e-04 -2.491529747728198508e-05 -1.549228697087783047e-02 1.974636107018837034e-03 1.762469608886550743e-02 3.525621486428925921e-02 2.915689263043323015e-02 3.980385962322892379e-02 2.680503725155134256e-02 -5.551990130641041958e-03 4.148795096453815334e-02 -5.558172593501869985e-02 5.574512572817755252e-02 -5.412026536760847911e-03 1.112246628382626140e-01 5.465801746395517607e-03 -1.247953259697513473e-01 1.337539619310281012e-03 -9.528511347385897057e-02 -6.200986741888794840e-02 1.347468205526825696e-03 6.097143862383387625e-02 8.940336778664409456e-02 1.051567595959568280e-01 -2.208380137234985940e-02 2.111233436085975176e-02 -1.218146367837521366e-01 -2.772718368451353513e-02 2.020228466804276091e-02 1.992709143087853865e-02 4.823828926656094362e-03 -1.912113606674358673e-02 8.264432974386218267e-02 -1.526985474511179663e-01 1.557118518487906056e-01 5.104877112511858189e-02 -3.028759214297329846e-02 -1.957155645818272061e-01 -6.859354488950725193e-03 -9.622653862357385957e-02 -5.449305597437807333e-04 -6.477750661266712395e-03 -3.015009380319511739e-02 -2.317613971854171301e-04 2.862432439769103595e-02 3.896779237664207279e-04 -2.646668189422495508e-03 -9.477210212026895841e-03 4.657286486147434548e-04 -7.775951719139092590e-03 1.420112829700377090e-02 -9.742451321117107793e-04 -1.221207068384734355e-02 1.877573241784405433e-03 9.638923168336192837e-03 -1.364641249340109311e-03 8.426445917658561408e-03 1.345125960768956330e-03 -1.257485350333358877e-02 6.914784503369560576e-30 -1.786368873040827549e-03 1.338180209494221136e-04 -2.619987754619728521e-03 1.669453740870825188e-03 8.738632490980989889e-03 5.249485190000367785e-03 1.145993704444489602e-03 -4.061149982934114319e-03 9.165148801785143184e-03 7.802684977756082531e-04 1.409790276994096758e-02 -7.868905573804376233e-03 5.053976610929378221e-03 -1.005829830369233714e-02 -9.146654643076195315e-03 -7.062322120929144520e-03 6.603245320936209674e-03 -5.787810688701679022e-03 1.029930380046823954e-03 7.707153511319623368e-03 -9.897424032673889788e-03 1.090906809243485237e-02 -7.034532711164955075e-04 -5.130238436053033597e-03 -8.753084377318684495e-03 8.795970101479907988e-03 9.923685015005675319e-03
3.711056114389130189e-02 -7.336442675233817955e-03 -1.114028272528552570e-02 -1.771712549028999981e-02 2.560034185243673793e-04 3.856613431455595264e-04 1.001085524733153376e+00 -4.742046506652215776e-02 -2.040961334888338405e-03 -2.597704008025004674e-01 -4.082833093303925298e-02 -5.167371707993677343e-02 -3.663415750450938618e-02 -2.817111562449586219e-03 -3.802915179540035384e-02 -1.889877438994748762e-02 -1.915221793485340218e-02 -9.042650662948938101e-03 -1.061502650303486339e-02 -1.314871901574939453e-02 -1.854215495978052408e-02 -1.573378899634405789e-02 2.443548162421410597e-02 -3.881486781661067000e-03 1.519382692469722212e-02 3.626903832807878980e-05 -8.307159347024311788e-03 4.538770864270763594e-03 -5.435345724128012174e-03 4.171031620537548820e-03 1.859131728961403024e-02 2.809842920885333162e-02 9.852277512299126294e-03 -1.620365790891373572e-02 -1.077127722298192817e-03 -8.230661666658218439e-03 -4.186341627888967055e-04 1.291259728552633657e-02 1.222465974168384928e-01 8.987349990329675242e-02 -2.927633790198235636e-02 1.610074654381951631e-02 -1.840431845718826231e-02 -1.134959454099542311e-02 -2.900421706442685155e-02 -2.818238895324033655e-02 -9.074947983042142355e-03 2.211818447726967424e-02 1.113195397886984107e-02 -5.453936928742833534e-02 3.609930317931533267e-02 -1.653325564049564281e-02 -3.809094568965990663e-02 -9.816942588652764062e-03 2.707895332076167352e-02 -5.857998605497695931e-03 -2.842422591444192237e-02 2.227508078037116618e-02 -1.194746258277124690e-02 2.402796049992813460e-02 7.079291281980949584e-03 5.179510354750153922e-02 -3.666404615544076057e-03 -5.253256488703725302e-02 4.050203871044367326e-03 -4.206099809998732619e-03 -7.869467232578095453e-03 3.067176968606080342e-03 -5.685344289595490111e-03 -7.092930372491359700e-03 -3.815443540998602646e-03 -1.843311702239624778e-03 5.471389378513278126e-03 4.225235361087821030e-04 3.204637441682243928e-03 -4.381227426825277937e-03 -2.091250829710240844e-03 -5.184702028579023063e-03 -8.907944853630785420e-30 -2.628895966111604796e-03 -5.022953528585144545e-03 -2.926316387116002869e-03 -6.838366131141341078e-03 3.830776065670249333e-03 -5.066562236483577661e-03 -4.924405746593391899e-03 -8.396380386092999748e-03 5.529135560790669236e-03 5.317761207121361570e-03 -2.016000824409117445e-02 1.777522537373822870e-03 -2.691898443300614827e-03 -4.737080967266811202e-03 1.140410189506074930e-02 -2.383440330303818275e-03 3.745727749497659159e-04 1.718797346433091622e-02 -3.236271479241431895e-03 -4.655760544109639396e-03 -9.287376832252863812e-03 -3.507681553900323518e-03 -3.490256425949575265e-03 1.242789932664691357e-02 2.261636791981432720e-03 -4.390256670205863396e-03 1.533129147021110826e-03
5.426056555890459987e-02 -7.023490624234757923e-04 -4.562728759925470390e-02 -1.149520632287286993e-02 4.831894588461933468e-03 3.916774424284662562e-03 -4.742046506652215776e-02 9.951427002708387315e-01 -3.465666580485274491e-03 -3.921040473729605069e-01 -5.375532651760471514e-02 -7.580343667053665579e-02 -5.397554718598694679e-02 -4.783613108479791917e-03 -6.100688954704921313e-02 -2.263513971051264381e-02 -2.376477133266803252e-02 -9.618503493636201829e-03 -9.891124579708010164e-03 -1.811274838670605750e-02 -8.101795987436854682e-03 -7.581514943368130276e-03 1.581561352651342928e-02 -8.827293513027799007e-04 3.975967203778003889e-02 -1.491965412706510938e-03 -4.209117536622879185e-02 1.225827525898695591e-01 4.290085771058081872e-03 -1.152023415329506834e-02 -2.415104454898902783e-02 3.453158485131128941e-02 -6.776761777650789319e-03 3.737731757109587910e-04 -3.305024210673798875e-03 -3.015099989396318250e-02 -2.860085949672104035e-03 1.854446161930073389e-02 1.851976917604340744e-02 -3.924145238114985605e-03 -4.584719607308744560e-02 -2.443341156852333468e-02 -2.325967734490518371e-02 -2.027852482377052318e-02 -5.809650530564632043e-02 -3.733648969180407371e-03 -1.533817369012408297e-02 1.610954134988597797e-01 2.297670333289704436e-01 -9.127678970004089731e-02 -1.608062345621956435e-02 7.997134149849639134e-03 -6.111779011463688155e-02 -1.117542881354169002e-02 3.417695594916876720e-03 -1.055300373232120892e-02 -3.282442313880645779e-02 3.762483317517618248e-02 2.893291991740378280e-02 1.837964628923301202e-02 -1.934606657118707190e-02 3.895927568907630451e-02 -9.957266741381065253e-03 -2.557772180705694676e-02 -6.422010531178229571e-03 -2.150190776794765404e-03 -3.183205330427113337e-03 -1.103188762939908904e-02 -6.362709261931992835e-03 -2.720965129234702903e-03 -1.393281654235205193e-03 -2.253079759874815693e-03 -1.255673616263606237e-03 5.540820567325890379e-03 -2.918808278728356100e-03 -1.930626092826661679e-03 -1.446739474549593903e-03 -1.179756942572115531e-03 2.098088646643123518e-29 2.665406884934945573e-03 -1.692994538692047315e-03 -4.459184215356126746e-03 -9.704911958967572111e-03 -2.796066512603690227e-03 -7.689716865189068912e-03 -7.378570905767562610e-03 -7.194194094920999122e-03 -8.614528537160454774e-03 7.812066361571109313e-05 -1.954325470675503593e-02 -7.831270733506440901e-03 1.845712061622565778e-03 -3.177689999119653365e-03 -3.429667113159120487e-03 -9.771054132932182560e-04 -4.339528971546503452e-03 1.224319844170209618e-03 -4.767887967502599036e-03 -1.343678810975896046e-02 -5.375339841263945470e-03 -5.550432047956813109e-03 4.236891849480539304e-04 3.180485260094956246e-02 -1.983897338640433061e-03 3.520997208604692216e-04 -1.011669144576816254e-02
-1.734304044198276690e-02 5.629291101070852885e-03 1.658274576087082281e-03 -2.847889698354892185e-04 -1.864919039782685214e-03 -1.329871962448057367e-02 -2.040961334888338405e-03 -3.465666580485274491e-03 9.999417201169248370e-01 -2.225370611090162279e-02 -1.554167662068982715e-03 -3.885015053599457247e-03 -2.812203432021485525e-03 -3.725252760173174160e-04 -4.147783117088628228e-03 2.566566616605583592e-02 9.193580010197981156e-03 -2.033528432897282415e-03 -1.333707356858563698e-03 -1.818815352004924226e-03 -2.542519586463765167e-03 -2.262595857280765531e-03 -2.634873703482703330e-03 -2.909897012635557795e-03 -4.911609444208896169e-03 -5.871574851377312464e-04 -5.769863254479834849e-03 -1.994787121591213262e-03 -7.187516792443343931e-04 -7.153360986622827808e-04 3.251319763794686263e-03 -6.719684641217097722e-03 -2.806956661760823648e-04 -4.860509806333920477e-03 -1.970789198514918180e-03 1.282190141616884604e-02 -3.180967737451477744e-03 -3.003972082040974427e-03 -5.862945315767236626e-03 -2.571046146553376648e-04 -5.582275412398332755e-03 -3.669216127416610133e-03 -2.956325677447592046e-03 -3.662455354389622039e-03 -4.215214779927715406e-03 -6.071062202340907384e-03 -1.182364480514739094e-03 -4.021059976877946161e-03 -1.801032141615669649e-03 -4.856062592867533244e-03 -2.247782039511478976e-03 -3.412750959388203414e-03 5.730838540912504969e-02 -8.591697040166232022e-03 -9.883213105517176661e-03 -3.168172193478618025e-03 2.495114803996640110e-02 -6.056345285421010048e-03 8.941771359466988561e-03 -1.621722857448597722e-03 -2.565538611244045416e-03 1.087678502628714947e-02 -1.616125849897328236e-03 -6.966572439124588990e-03 -3.226394835852110991e-04 -8.027481768390552731e-04 -5.930779236448687191e-04 -8.183430544215638484e-04 -7.880957400078711112e-04 -8.838348293475193794e-04 -3.818186772315625187e-04 -1.018368909517447865e-03 -6.950514560572864688e-04 -3.693073550201892786e-04 -8.738917089003436041e-04 -3.049312544102424235e-04 -8.194732455757122508e-04 -5.588210374926887852e-04 -3.721774192381531442e-30 -2.862906801524443736e-04 -3.636566962404854200e-04 -2.610889174522925001e-04 -6.259914781749203452e-04 -4.261427065070170204e-04 -4.444348047789353946e-04 -6.391771893422995392e-04 -8.436055795118376985e-04 -4.898015984425993985e-04 -4.152954375778354439e-04 -2.598989168841752545e-03 -6.098625088204625124e-04 -3.559675179238953424e-04 -5.454937797604133328e-04 -1.063176196996830402e-03 -6.257518351233364983e-04 -5.390302464988902227e-04 -9.769771175243907937e-04 -2.483501840113117140e-04 -7.834399909462673494e-04 -5.472489721266198329e-04 -3.636566962404982136e-04 -3.559363194397382264e-04 5.243502044432772277e-03 -8.289302373282452386e-04 -2.373116786159403294e-04 -1.965570810111252203e-03
-1.786335490436397333e-01 4.424663434172209503e-02 -1.395691043280897041e-02 -2.360885312495027838e-02 -1.126502898035789887e-02 -3.111852308830447347e-03 -2.597704008025004674e-01 -3.921040473729605069e-01 -2.225370611090162279e-02 9.893165307674665065e-01 -2.739111174432357632e-01 -4.321059545130368496e-01 -3.089219451786149317e-01 -3.071649213569079342e-02 -3.754068034036410761e-01 1.565516421042700834e-02 3.070455007403187844e-02 1.616039108799741802e-02 1.475730340430753476e-02 2.175958813656916208e-02 -1.866208321004380472e-02 9.094199438776697994e-03 -6.346620226433548860e-03 1.344667301562683936e-02 -1.865090825637018279e-02 -5.528502590224627922e-02 5.571270071199457830e-02 -7.749997144554222894e-02 5.468490612477513481e-03 -6.389586923523912776e-02 -2.621803835006195071e-03 -9.259187547050183251e-03 8.602675103768658328e-04 -5.680292556164238255e-02 5.272470211206284688e-03 7.751342561986232504e-02 1.313104310007761309e-02 -4.539943375731994579e-02 3.430513771308698473e-02 -2.388484529143580087e-02 6.936780784940056732e-02 -1.199055852895818813e-02 -9.067939136576169679e-02 9.713999295859326866e-02 1.363412813782738930e-01 8.543343360171651302e-02 3.896031163601991476e-02 -1.042266456975703970e-01 -1.209258739498605129e-01 8.792278082870380596e-02 4.032108237897354119e-02 4.550858662642126573e-02 -3.761462399453073258e-01 -5.071609301355050475e-02 1.556689156664217005e-02 2.583309392004821611e-02 4.427326351112917391e-02 4.901530345254727014e-03 -1.840883067113131127e-02 -1.865367241192349493e-02 -3.069846532823068425e-03 -5.997945086016313182e-03 1.693133406716024886e-02 7.336766307975499044e-03 9.980131423637697563e-03 -7.473434788265221479e-03 -3.552608056258959798e-03 4.895533887148138460e-03 7.983343455504525107e-03 1.386862659285952037e-02 7.804583894152691478e-03 1.599824412862273920e-02 -1.739239657533971778e-03 -2.889056198963591351e-03 2.898196544589182362e-03 -9.813038450277877106e-03 1.991470358499000323e-02 7.751008349266829203e-03 2.560015104043847241e-29 -3.967386271737859474e-03 6.448476655946438520e-03 -3.765491064200355686e-03 2.279541760044264016e-03 -6.992910061210055872e-03 1.671670727559727843e-02 -4.694219477268651158e-03 1.900379915038681242e-02 4.063250702014206336e-03 5.798048271795710161e-03 4.597428506400625531e-02 8.200052955079048175e-03 4.786246826204322916e-03 9.900443134233459508e-03 1.562512060337943945e-02 6.384951128940488316e-03 4.950442383755936093e-04 5.733001868420742157e-03 1.293638989563900173e-03 -1.803616562088756342e-02 -1.811636641104279882e-02 -9.869266052704746620e-03 -1.843461201743343183e-03 -3.910300667421871129e-02 9.067151812821276288e-03 4.971027892861900992e-03 9.295312158430928985e-04
7.110412258103909755e-02 -2.749770847721470443e-02 5.311264320157023378e-02 6.775956202300105480e-02 1.089790965804108246e-02 9.618108180668483165e-02 -4.082833093303925298e-02 -5.375532651760471514e-02 -1.554167662068982715e-03 -2.739111174432357632e-01 9.725331042025617823e-01 -5.789421736280290359e-02 -4.067986749956524484e-02 -2.145196783474350756e-03 -3.450107440116191582e-02 -6.972470747395176707e-03 -1.050458693631055838e-02 -5.893935417096138329e-03 -3.266703712884156362e-03 -5.338901378954916989e-03 -3.393305159618128716e-03 -2.465028250786275178e-03 -2.534169977200175991e-03 -8.324598135455140921e-03 1.549964741775462264e-02 1.237550440642428903e-02 -1.087915317733577011e-02 -1.078047874117926339e-02 -4.138950803329866784e-03 6.225151522103006263e-02 8.416854960688639406e-05 -6.829845352191755981e-03 -5.964651603173097907e-03 4.795231521569588706e-02 -6.791071102067046741e-03 -4.317674287321709992e-02 -3.945748636047559897e-03 2.109635272327702385e-03 -3.725625568851500397e-02 -2.334002879835601028e-03 -1.700804359949429148e-02 1.005490106255394894e-01 2.414917645041043254e-02 -2.517596236398828013e-02 -2.913921028823793571e-02 -2.548858236640462460e-02 -7.021654455388017663e-03 -1.605754562745694003e-02 -2.396585629699020392e-02 8.267590087434165125e-02 -3.152441143298607973e-02 -1.684956172615044434e-02 -3.453885649980274752e-02 5.944935532433393011e-02 -1.897126525719683432e-02 -1.354914336557196293e-02 -2.325342372450716483e-02 -1.681947379776801976e-02 -2.323851253164938013e-02 -1.042101614504476609e-02 1.154992329044956731e-02 -3.486809674429709738e-02 -3.156873903867495751e-03 2.717481084964827598e-02 -4.981684355879513471e-03 3.068517388339782846e-03 -5.072765475021048451e-03 -5.430013992461387405e-03 1.090184670933934397e-02 2.386861667639179289e-03 -3.677401883795815458e-03 -4.676518872554822834e-03 -4.902574681150352089e-03 -1.875996706936119236e-03 1.219504653407572567e-04 1.260506774498638613e-02 -5.776830683114584156e-03 1.581546595629305073e-05 2.644742604164452925e-29 6.827553815194313189e-03 -5.715603307769190865e-03 6.434437270091753099e-03 1.074486127356241542e-02 9.621493295369504956e-04 -5.276951036905897820e-03 1.292238011122602429e-03 -4.065031337472666331e-03 -1.808379785728591064e-03 -3.770063592943715541e-03 -8.659707683324828140e-03 -3.511909597842779746e-03 -2.049848489842994673e-03 -4.116269058774785911e-03 -1.192504097005684695e-02 -3.083018151467041036e-03 5.354413918600174800e-03 -8.555179456561274459e-03 -3.594177841361081982e-03 1.778789419436706265e-02 2.444336725146761813e-02 1.927386181107903010e-02 4.609767674385745889e-03 -9.939650884035025266e-03 -2.109854542384445499e-03 3.091308867757287110e-03 2.703743386599673226e-02
1.246138213197808542e-01 -4.202114136296988822e-02 9.769892211817900185e-02 2.579385502025759169e-02 1.176497832162626267e-02 8.726537698729482095e-02 -5.167371707993677343e-02 -7.580343667053665579e-02 -3.885015053599457247e-03 -4.321059545130368496e-01 -5.789421736280290359e-02 9.805874465703879883e-01 -5.925633011315815935e-02 -5.362434182701062736e-03 -6.784669554581317097e-02 -2.755123097283844122e-03 -1.536048887525247666e-02 -1.359722632776812906e-02 -2.017813459896776289e-03 -7.951600272265435532e-03 4.012600796859956687e-02 -3.136224618908085328e-03 -6.964220937683115314e-03 7.033404833508604195e-04 -1.166020997015097121e-02 1.165293831797228376e-02 1.520051142775706576e-02 -9.849426936059800519e-03 -1.034630083322896424e-02 7.373351846276218757e-02 -2.199072608019544267e-02 -1.139191934425847451e-02 -2.778550514107150371e-03 9.827648055822797712e-02 -3.158014305231634893e-03 -8.972922236228421389e-02 -1.687445430869047303e-02 2.878098064358762618e-03 -8.352454595665700920e-02 -4.355390242836424362e-03 7.255658938923596757e-02 2.144474690140978079e-02 2.250450971243317388e-01 -4.786060533978794135e-02 -5.263330727118625818e-02 -2.437444291012291417e-02 -1.718323003852049655e-02 1.218951710216895946e-02 -3.603671551562157016e-02 3.335656209643206305e-02 -3.197446860604058472e-02 -2.346607172743504950e-03 -6.797192215493824685e-02 1.023272423870521391e-01 -2.663256948802911542e-02 -1.268167181950386954e-02 -6.688918239656878317e-02 -3.614610703036189032e-02 -5.005141268778114626e-03 -1.196296917532802245e-03 -4.902841580577295237e-03 -5.224698746645697195e-02 -1.388617737517620215e-02 5.003304381420416863e-02 -7.039572203733331437e-03 5.440247679531673604e-03 -5.415176452029137055e-06 8.907189501259051012e-03 1.011491155431966556e-03 -7.709382710246789200e-03 -2.462052443687365224e-03 -7.296955187077751662e-03 6.038304832072243118e-03 -1.180478719113755952e-03 -7.949359817599437397e-03 2.103600612129338104e-02 -1.260732514934066566e-02 -9.215502350056324621e-03 4.715146219147397252e-30 -4.687872338303498108e-03 -8.011649695919113162e-03 1.431676798423618668e-02 -2.366766316799760652e-03 1.737828459014602311e-02 -3.885236267047939562e-03 1.538547409447584002e-02 -6.455451679172515174e-03 1.713466291555560805e-03 -7.035166207135776228e-03 -1.693882198072417522e-02 -7.900435860674880897e-04 7.046014523167371370e-04 -3.549628861390184535e-04 -1.528345081217436993e-02 -3.288016947948415453e-06 -2.165291044031484799e-03 -5.988688448068094604e-03 8.655053889756215979e-04 2.952887045162119403e-02 -1.069950771126378097e-02 9.151414792426849909e-03 -7.194469340640465916e-04 1.131119297617544546e-02 -4.251105994694061307e-03 -7.585589146676197450e-04 -3.659830408263928074e-03
1.188886932626150375e-02 -7.776657988563687694e-03 -2.529713962474754857e-02 -1.373963868806675481e-02 -4.622890211642238616e-03 -2.537179488175948447e-02 -3.663415750450938618e-02 -5.397554718598694679e-02 -2.812203432021485525e-03 -3.089219451786149317e-01 -4.067986749956524484e-02 -5.925633011315815935e-02 9.968797381574908689e-01 -3.881646687211940012e-03 -4.883018467573352339e-02 -2.393954558069247632e-02 -2.805065102409604397e-02 -8.231228979860371817e-03 -1.190403799051180898e-02 -1.330562193885616654e-02 -1.713222855979720100e-02 -1.676883082871552522e-02 -3.928552671038260634e-03 -6.880920133842396806e-03 2.178442614856026041e-02 1.037525769327177494e-01 -4.782408653021889139e-02 6.662951087928073446e-02 -3.289443630267480101e-03 6.443976906414951474e-03 1.456684184961325526e-02 2.033917079446899076e-02 1.064243180568667530e-03 -8.846115124719201861e-03 -2.539063141137852097e-03 -1.674848786140328664e-03 2.003983823271716404e-03 -1.074748177930744640e-02 5.279397382725700000e-02 -3.130076997633382020e-03 -5.149772878740374593e-02 1.092243512019807662e-02 -2.333013251575224642e-02 -3.443333252793547017e-02 -4.206783075277939488e-02 -1.507790860395919180e-03 -1.243259445834962555e-02 1.166126445890080521e-01 9.741457682931978224e-02 -6.712806495678898255e-02 1.502156215901515046e-02 -1.535421335022690674e-02 -4.892130169109201732e-02 -9.296078242923703008e-03 1.832466558485695146e-02 -1.350666858059346512e-02 -1.427644339299509457e-02 1.268413613353602983e-02 7.709927284279098625e-04 1.774454172222542613e-03 1.402159241497428870e-02 1.752893734307505239e-02 -1.139515589073274854e-02 -1.912925039082551126e-02 -5.012896589841591560e-03 -3.868736491538870160e-03 1.522836991549686957e-02 -4.756052415251540814e-03 -1.118998880574216363e-02 -9.554000288666261026e-03 -4.760038290563172771e-03 -1.173546244714446241e-02 -1.397821337087387346e-03 -1.045791093134617548e-03 -6.382197350209927291e-04 -4.925013118132367390e-03 -9.097899252059265390e-03 2.205296841885180745e-03 -6.938427444129881688e-30 5.176386703610817881e-03 8.260429723733917970e-03 -3.522145806207488752e-03 1.979564314416318999e-02 -3.328635085211180053e-03 -6.067341909239480982e-03 -2.944811152889218082e-03 -3.054255167239406862e-03 -1.135049836313133283e-03 -5.055944632214751620e-03 -2.498412152904555886e-02 -8.905367823269065303e-04 -3.709117812026335986e-03 -6.199295594892510752e-03 -1.222360409551278074e-02 -8.582110514386925848e-03 -1.797107729159008174e-03 -4.335555283106421604e-04 4.612625368424414646e-03 -1.060954512233824344e-02 1.843136589953164872e-02 2.554615907800239158e-03 2.978010607223319488e-03 2.369780995425649350e-02 -5.453906004159664485e-03 -4.658666762573386924e-03 -3.695641119273911004e-03
1.688120952700516292e-02 -5.047705592518485218e-03 -1.207660563036626377e-03 -3.930903962105262127e-04 -2.574122743137504526e-03 -9.057407298741371876e-03 -2.817111562449586219e-03 -4.783613108479791917e-03 -3.725252760173174160e-04 -3.071649213569079342e-02 -2.145196783474350756e-03 -5.362434182701062736e-03 -3.881646687211940012e-03 9.522829230954548141e-01 -5.725129417171823804e-03 -4.184422734277037752e-03 -4.728116243993612730e-03 -2.806852027500699506e-03 -1.840898380434578688e-03 -2.510486441124129119e-03 8.378946678418191379e-03 -3.123030721718675438e-03 5.607481570729898335e-03 -4.016491826525812707e-03 -6.779428654035276995e-03 -8.104456032971346039e-04 9.633612465939125555e-03 -2.753377915004609402e-03 -9.920833048209440341e-04 -9.873688247451872617e-04 5.316129946928710307e-04 -9.275090603238736464e-03 -3.874404640582025812e-04 9.809287428385124116e-03 1.189026923652305653e-02 -6.806738751250348066e-03 -4.390647113086359847e-03 5.339055686191296161e-03 7.393326644065451557e-03 -3.548780519861017700e-04 -2.730357935513100243e-03 -5.064569818628916059e-03 5.334708361288731382e-02 -5.055238014281288050e-03 1.013945640189491300e-03 -2.912277561184825180e-03 -1.632001837638073164e-03 -5.550215166022753541e-03 -2.485940514283169721e-03 -6.702758079969684153e-03 -3.102583407695435908e-03 -4.710574386248560404e-03 -5.738443075729673590e-03 -1.794240179691793677e-03 -1.364166652143318677e-02 -4.372985595318990525e-03 7.165643287138450356e-03 2.382629187382322589e-03 2.006337852923264012e-02 -2.238442313781544360e-03 5.941196948133890994e-03 -1.755598324875833624e-03 -2.230716839310924789e-03 -2.649346587779043876e-04 -4.453349527856962893e-04 -1.108022544107438749e-03 -8.186175051786356849e-04 -1.129547944515873342e-03 -1.087797982029882048e-03 -1.219945363239511443e-03 -5.270192002179022520e-04 -1.405640950075827140e-03 -9.593702045625130586e-04 -5.097499899390029376e-04 -1.206221007417779224e-03 -4.208925215124392121e-04 -1.131107932211725467e-03 -7.713331845875519722e-04 -5.254182155187486680e-30 -3.951631868237529444e-04 -5.019504613974002435e-04 -3.603775317096768798e-04 -8.640476431450882415e-04 -5.881990634671797240e-04 -6.134474014257702661e-04 -8.822477034568474178e-04 -1.164417469142220787e-03 -6.760665783776784480e-04 -5.732267236201589412e-04 -3.587349898826744463e-03 -8.417850430250786763e-04 -4.913371916740042530e-04 -7.529377494510993427e-04 1.977669170350023278e-02 -8.637168670544402311e-04 -7.440162211621605386e-04 -1.348508414626899870e-03 -3.427944287602535905e-04 -1.081371714030255520e-03 -7.553604179375455249e-04 -5.019504613973879920e-04 -4.912941288248922440e-04 1.812311695556081742e-03 -1.144161291113820643e-03 -3.275581277828545392e-04 -2.713051032040912636e-03
